1.32841230549405020511
1.21031770949685291150
0.96370408866089829480
0.64906312836722346304
0.40940401259666125977
0.30321484874591714265
0.48363478203567389357
0.60859831519368445818
0.89587041154287017086
1.16843699217583285588
1.26542544413442215046
1.19079656727263705207
0.94918101186265646518
0.63858086486383514035
0.41261000074007875282
0.31230967820272104163
0.41924744917203504713
0.70172489185643183163
0.99318513103083705396
1.16392837606880994450
1.22635199161608943186
1.23303007447691692633
0.89646050517030706484
0.64760254170951292441
0.39661346266711072772
0.37042923859030402189
0.39330275591993468787
0.62944853887534013559
0.96196545378386821845
1.21228152910652253738
1.30221502400940591926
1.18526349167307687438
0.91584669985113476010
0.65550012301638516110
0.35302624893755757407
0.26735946507565022667
0.43758824535454843296
0.63224462065836539715
0.95007113471852122633
1.23296337767539720964
1.29050965671370887478
1.23705989914274239183
0.94359655305575773632
0.67751910990788388744
0.41539280979952625250
0.29326387162885270143
0.36811575022556214387
0.61250552202796582080
0.94596817145802036819
1.19065325097930774234
1.28707658344034969744
1.23561092843802899921
0.94509448690750663680
0.68165780551189225633
0.37868019859963969465
0.33075522874727159017
0.37897649239545388999
0.65107538296531930477
0.98520592252054772775
1.19141754441667124809
1.28614066931170212271
1.26786127092068356959
0.98458155217336851273
0.63183034177125296793
0.41601281077790736029
0.28861338756904730829
0.41781354708588763769
0.69026458160539938547
0.90376925664552676398
1.23704368794448216207
1.34610498942032674741
1.20600967223838151376
1.00972998302074068455
0.65040528746080372713
0.35637034339489498391
0.23063562044334173784
0.38494824560702212146
0.66805572326513795733
0.96454581102719416652
1.21758800615984896787
1.28175095150856499515
1.20906223398352663523
0.90268933688493691037
0.62145534658850842824
0.36959899164680404260
0.31643527052289094348
0.39504372242702812112
0.60895045574249140330
0.95420729289355066260
1.18269477265845912584
1.27891712160513870700
1.23183530128345242183
0.95809513468156604077
0.65808884210324380959
0.42344508517403078862
0.30570024878768703447
0.41291105230357627587
0.66708872954294196056
0.99152639333177494674
1.21955653023252108547
1.34465871875303033534
1.20522344023609839780
0.95299473352202357379
0.69929242850936912390
0.37937300318842109847
0.29990971823314943601
0.42458025398048848675
0.65022887089755720957
0.99893639368034925496
1.23721029161227624726
1.30922026210548758662
1.17991551004698758121
0.97242900128100651092
0.60176918276151769582
0.40322247086347312583
0.32556507966870451565
0.40222847284840951287
0.67330933725867814221
1.01898342540441366744
1.23372580660740882585
1.30844067078479175947
1.22479961565894934772
0.96796352553570519373
0.60391629516878064798
0.38232342383753731285
0.33872802948998875783
0.39411324921717394432
0.66390934400288070805
0.92268017017820680437
1.20654869571664624672
1.31898289820489145185
1.16145361392994184158
0.96550034133633966249
0.63974111533865540835
0.36578080479964208971
0.29881309635482250497
0.33552508944193348839
0.57819896885871258085
0.91729091362296677481
1.17318511806233494177
1.26290546076826970534
1.14994567965687499722
0.96362306967728539320
0.59507898716449125764
0.39897692885881297364
0.32488923367709815482
0.39542108564638100976
0.64843586033152211812
0.94255012106658375703
1.15762216175480148195
1.29861433466421294369
1.23489245820976489831
1.00947662837051610474
0.63188718691563594554
0.34403103945830071364
0.30526036959231489520
0.40739007564153739693
0.63831469896747261572
0.91817670051793132124
1.26852351475035729500
1.22538531512653903199
1.18838176511003856817
0.91271502637821599890
0.62537536128350346143
0.40554284722997624435
0.30436546025633232082
0.37301608631879074052
0.67006251175670294984
0.97419032120980864065
1.22498047827472489324
1.28654034441625575447
1.23766753232674364682
0.97540188977881425725
0.72482585427651291532
0.42912104940283113397
0.33658507498882284104
0.39716684043366201617
0.60474916006480872177
0.94276945060805905641
1.18054501270146738889
1.28216573692654822736
1.22206351985339267685
0.93690162885445193997
0.61718554009592963006
0.38254742371441718962
0.29491231371726300825
0.40843579406219737704
0.61536650749288179796
0.96454295672661038985
1.20697570877868853856
1.34188074519331435042
1.19776745451728983127
0.95025590905300250100
0.60844997946135748190
0.35168565044719762858
0.30981913519206799590
0.38760196586210243774
0.66142128855153337064
0.92628006504436810609
1.26486095625194838732
1.30386527413593333868
1.23761859628111459131
0.94733265041784231464
0.64035274021759569507
0.41731285982204890939
0.31757457222723800561
0.36006592916353574729
0.59702349403406784756
0.91979086997309789098
1.15973781372090645192
1.30188378741425481167
1.19150360104213937085
0.94287097598949332067
0.60245406980858851043
0.42014358945735663653
0.31389539941696059655
0.39265739103068841853
0.67778405355456905479
0.92687083981040641056
1.21762247191117323197
1.31101867822491358062
1.21555289158278645445
0.93144767375583004121
0.65582709898360147527
0.37920951595818380708
0.27165188364722048231
0.35744082176161140474
0.67831011493370407806
0.92775739234328535865
1.19904048131912288611
1.26177906608378465059
1.19511252276884860635
0.85230248799826702211
0.61111883392413324234
0.35038363080474316247
0.26792024999944802355
0.38874740216020758909
0.63520310263633850134
1.01599575418762455570
1.18642744043678027843
1.29209328512848764525
1.15488238465132431187
0.93941233185995898225
0.60318096599865622665
0.39644964207303501347
0.32697697227109251417
0.40827511983013231589
0.62333594632098732191
0.90294620355066135264
1.25067816797675157581
1.36482804336759944164
1.20831906073214345732
0.92320505989953494108
0.68336836256466304551
0.37675006762376511693
0.28514332346137372109
0.42352121659248065377
0.60168700649776818423
0.89263050402833665764
1.21781168385890037342
1.31267244819120731947
1.20751715639101941946
0.97021503674574538501
0.67971495541419379993
0.42617975642726291241
0.28202025149305415264
0.42110506874068120986
0.65097006574878968355
0.93852183748067408153
1.16677285474465208814
1.32045901746802019083
1.19332596872852692016
0.95597688585154427798
0.62041630109353684830
0.34645992995890340094
0.30542603698055692529
0.39352649115060761575
0.68340809351531306426
0.97986060590408707860
1.23781691258744719342
1.27631843775213327241
1.17489925354293767157
0.91437644968091502662
0.66123903280709861452
0.48368999223598857506
0.32300784798501791517
0.37104506941138071241
0.67194818512774867614
0.91882755985878805660
1.15946279771083227139
1.32268751806788387171
1.17990896470543304986
0.96450084810241842881
0.68997004926634208921
0.40817617755771101740
0.32939843948966057718
0.34471157842931088311
0.66641111567434252461
1.02213387622248985664
1.22162082796832249798
1.25127318510747609359
1.19808455796858659426
0.93869820867054110103
0.65760378243948891530
0.40852120552654669350
0.31282280033862835955
0.38398774539542301909
0.62654085696664596483
0.93586405622505219881
1.23149982830350435137
1.24140273971638115391
1.19795299568111701660
0.96305860668910525657
0.62484907092613373170
0.41058275463456056498
0.29774467463987153160
0.36581981078853131883
0.65059426582043267118
0.94602780982432377321
1.19154718601231834896
1.27750600083332765955
1.20645157398803748450
0.89612876477650460494
0.63289510356221612142
0.37830300199051108967
0.27116323731547009590
0.41613164454379808488
0.62227180683706317943
0.97160481661016362409
1.23536729547939305718
1.29503932191967296994
1.21329328307843042900
0.97473180999665731683
0.64293075313261227599
0.41259531853929826140
0.26007419397319048171
0.43060618785922005758
0.61419878327898147496
0.89667562699901337542
1.24829018431738569817
1.29801640460509348785
1.21870462947761470929
0.94302125566396699519
0.61321782216817477540
0.29831507273511931322
0.31980468083456631279
0.38642574186362932398
0.63925097215524029348
0.96733486527491763241
1.15962475790004093668
1.27693291619610849175
1.24079018921081596361
0.97341463691113672141
0.60497383179232167016
0.32581816988790990308
0.28193560524471217299
0.40225866565252538232
0.67529207804893176537
0.95747235744070935404
1.16901788434013775841
1.30968156030144178281
1.16743601356847315209
0.92412006622703513070
0.62481858643355092653
0.35661466209470393807
0.29143133022832395929
0.36703258288027784673
0.63645731390493964774
0.93988544399455187239
1.19154995088707083006
1.28407669919455891261
1.24350877626412037458
0.97380804274166787859
0.64735952837514587621
0.34910257406961980875
0.24858758650846407567
0.33336057610299874021
0.72787502604606535428
0.98525768861526796805
1.21263494898331591898
1.26919181159774963064
1.16825727230843545712
0.97182637889591061420
0.69498380403566706320
0.34194327450070366448
0.28578880768375281018
0.39282595342654291759
0.58249902107399398332
0.98111102096166469266
1.19139583087487688218
1.36046846747360072882
1.19214719390416745703
0.96744797077328503754
0.60936475206856743903
0.37573157522908212647
0.26304173840786893024
0.40790582323233443018
0.68665928262981124064
0.93573589637135690111
1.21830789870931965879
1.28405065795206119184
1.20773742659458660498
0.99233726079955753008
0.64929517944335168878
0.36270363569583580210
0.27289601575207345086
0.39011960564536113383
0.63943041961100011150
0.92712901629478206011
1.21022159872380452583
1.34005114704270500425
1.19656582692160551318
0.94803942417596975822
0.57587326739422450839
0.37099924792560562414
0.25594085232917324069
0.38327769072863815403
0.66211200254718116653
1.00267850118735779574
1.26138188545952800723
1.29630379493736280772
1.19438300470088476501
0.98036063198054479439
0.66099169733994922460
0.41969086928987481278
0.32461134438365152333
0.34868014301118288589
0.66257931159084026973
0.95161377914861278171
1.18046720611001587642
1.27806658624952707015
1.24503174942445538065
0.92890234561625217857
0.60637987234433665673
0.40228048440120756091
0.36358618640168821612
0.39629960495150734490
0.65524078701137566938
0.92483851524864346683
1.25745185421355643030
1.30395247309935369273
1.22127177079965032469
0.92440145644930182822
0.67249870806141198720
0.40779737144068706201
0.26344403593926818408
0.39674819597042454422
0.63124232383043010763
0.95796322044095560955
1.19658532062388833772
1.29399478239875476149
1.17184490387588668980
0.94428510897932449453
0.66973121027910464953
0.45066291301614685993
0.26330113763293006013
0.47067186671065452952
0.69375032529763669409
0.95983717222254294477
1.19498351039970174270
1.27790661207567701751
1.23084301506575588547
0.93254315040683899429
0.63088548010454936765
0.42343393012847180268
0.31378576548336722940
0.42384914434254533644
0.66145253097592848768
0.94183101663077550825
1.18825919629365106545
1.32518335458852454245
1.18328360057382764303
0.99203395100242419691
0.67049569459060076593
0.40459005536208725307
0.30010201870011993242
0.40705333345371080833
0.75701484760794524043
0.95095293772700806301
1.15528467492338848821
1.36056085205860144427
1.22379352269045815760
0.93401973267281457325
0.72825890002810822477
0.41291408488636144325
0.30930353738865018487
0.37089392214935695824
0.61181545628745392928
0.89858633530439913084
1.19113460718326757970
1.26669797714302845293
1.22499231659178420273
0.94446421193972585062
0.70143192801519971269
0.44326031243413233085
0.30518646161193541122
0.38654972903766221526
0.68192618476535904470
0.91825274246491928043
1.22581272056506773716
