1.32841231
1.21031771
0.96370409
0.64906313
0.40940401
0.30321485
0.48363478
0.60859832
0.89587041
1.16843699
1.26542544
1.19079657
0.94918101
0.63858086
0.41261000
0.31230968
0.41924745
0.70172489
0.99318513
1.16392838
1.22635199
1.23303007
0.89646051
0.64760254
0.39661346
0.37042924
0.39330276
0.62944854
0.96196545
1.21228153
1.30221502
1.18526349
0.91584670
0.65550012
0.35302625
0.26735947
0.43758825
0.63224462
0.95007113
1.23296338
1.29050966
1.23705990
0.94359655
0.67751911
0.41539281
0.29326387
0.36811575
0.61250552
0.94596817
1.19065325
1.28707658
1.23561093
0.94509449
0.68165781
0.37868020
0.33075523
0.37897649
0.65107538
0.98520592
1.19141754
1.28614067
1.26786127
0.98458155
0.63183034
0.41601281
0.28861339
0.41781355
0.69026458
0.90376926
1.23704369
1.34610499
1.20600967
1.00972998
0.65040529
0.35637034
0.23063562
0.38494825
0.66805572
0.96454581
1.21758801
1.28175095
1.20906223
0.90268934
0.62145535
0.36959899
0.31643527
0.39504372
0.60895046
0.95420729
1.18269477
1.27891712
1.23183530
0.95809513
0.65808884
0.42344509
0.30570025
0.41291105
0.66708873
0.99152639
1.21955653
1.34465872
1.20522344
0.95299473
0.69929243
0.37937300
0.29990972
0.42458025
0.65022887
0.99893639
1.23721029
1.30922026
1.17991551
0.97242900
0.60176918
0.40322247
0.32556508
0.40222847
0.67330934
1.01898343
1.23372581
1.30844067
1.22479962
0.96796353
0.60391630
0.38232342
0.33872803
0.39411325
0.66390934
0.92268017
1.20654870
1.31898290
1.16145361
0.96550034
0.63974112
0.36578080
0.29881310
0.33552509
0.57819897
0.91729091
1.17318512
1.26290546
1.14994568
0.96362307
0.59507899
0.39897693
0.32488923
0.39542109
0.64843586
0.94255012
1.15762216
1.29861433
1.23489246
1.00947663
0.63188719
0.34403104
0.30526037
0.40739008
0.63831470
0.91817670
1.26852351
1.22538532
1.18838177
0.91271503
0.62537536
0.40554285
0.30436546
0.37301609
0.67006251
0.97419032
1.22498048
1.28654034
1.23766753
0.97540189
0.72482585
0.42912105
0.33658507
0.39716684
0.60474916
0.94276945
1.18054501
1.28216574
1.22206352
0.93690163
0.61718554
0.38254742
0.29491231
0.40843579
0.61536651
0.96454296
1.20697571
1.34188075
1.19776745
0.95025591
0.60844998
0.35168565
0.30981914
0.38760197
0.66142129
0.92628007
1.26486096
1.30386527
1.23761860
0.94733265
0.64035274
0.41731286
0.31757457
0.36006593
0.59702349
0.91979087
1.15973781
1.30188379
1.19150360
0.94287098
0.60245407
0.42014359
0.31389540
0.39265739
0.67778405
0.92687084
1.21762247
1.31101868
1.21555289
0.93144767
0.65582710
0.37920952
0.27165188
0.35744082
0.67831011
0.92775739
1.19904048
1.26177907
1.19511252
0.85230249
0.61111883
0.35038363
0.26792025
0.38874740
0.63520310
1.01599575
1.18642744
1.29209329
1.15488238
0.93941233
0.60318097
0.39644964
0.32697697
0.40827512
0.62333595
0.90294620
1.25067817
1.36482804
1.20831906
0.92320506
0.68336836
0.37675007
0.28514332
0.42352122
0.60168701
0.89263050
1.21781168
1.31267245
1.20751716
0.97021504
0.67971496
0.42617976
0.28202025
0.42110507
0.65097007
0.93852184
1.16677285
1.32045902
1.19332597
0.95597689
0.62041630
0.34645993
0.30542604
0.39352649
0.68340809
0.97986061
1.23781691
1.27631844
1.17489925
0.91437645
0.66123903
0.48368999
0.32300785
0.37104507
0.67194819
0.91882756
1.15946280
1.32268752
1.17990896
0.96450085
0.68997005
0.40817618
0.32939844
0.34471158
0.66641112
1.02213388
1.22162083
1.25127319
1.19808456
0.93869821
0.65760378
0.40852121
0.31282280
0.38398775
0.62654086
0.93586406
1.23149983
1.24140274
1.19795300
0.96305861
0.62484907
0.41058275
0.29774467
0.36581981
0.65059427
0.94602781
1.19154719
1.27750600
1.20645157
0.89612876
0.63289510
0.37830300
0.27116324
0.41613164
0.62227181
0.97160482
1.23536730
1.29503932
1.21329328
0.97473181
0.64293075
0.41259532
0.26007419
0.43060619
0.61419878
0.89667563
1.24829018
1.29801640
1.21870463
0.94302126
0.61321782
0.29831507
0.31980468
0.38642574
0.63925097
0.96733487
1.15962476
1.27693292
1.24079019
0.97341464
0.60497383
0.32581817
0.28193561
0.40225867
0.67529208
0.95747236
1.16901788
1.30968156
1.16743601
0.92412007
0.62481859
0.35661466
0.29143133
0.36703258
0.63645731
0.93988544
1.19154995
1.28407670
1.24350878
0.97380804
0.64735953
0.34910257
0.24858759
0.33336058
0.72787503
0.98525769
1.21263495
1.26919181
1.16825727
0.97182638
0.69498380
0.34194327
0.28578881
0.39282595
0.58249902
0.98111102
1.19139583
1.36046847
1.19214719
0.96744797
0.60936475
0.37573158
0.26304174
0.40790582
0.68665928
0.93573590
1.21830790
1.28405066
1.20773743
0.99233726
0.64929518
0.36270364
0.27289602
0.39011961
0.63943042
0.92712902
1.21022160
1.34005115
1.19656583
0.94803942
0.57587327
0.37099925
0.25594085
0.38327769
0.66211200
1.00267850
1.26138189
1.29630379
1.19438300
0.98036063
0.66099170
0.41969087
0.32461134
0.34868014
0.66257931
0.95161378
1.18046721
1.27806659
1.24503175
0.92890235
0.60637987
0.40228048
0.36358619
0.39629960
0.65524079
0.92483852
1.25745185
1.30395247
1.22127177
0.92440146
0.67249871
0.40779737
0.26344404
0.39674820
0.63124232
0.95796322
1.19658532
1.29399478
1.17184490
0.94428511
0.66973121
0.45066291
0.26330114
0.47067187
0.69375033
0.95983717
1.19498351
1.27790661
1.23084302
0.93254315
0.63088548
0.42343393
0.31378577
0.42384914
0.66145253
0.94183102
1.18825920
1.32518335
1.18328360
0.99203395
0.67049569
0.40459006
0.30010202
0.40705333
0.75701485
0.95095294
1.15528467
1.36056085
1.22379352
0.93401973
0.72825890
0.41291408
0.30930354
0.37089392
0.61181546
0.89858634
1.19113461
1.26669798
1.22499232
0.94446421
0.70143193
0.44326031
0.30518646
0.38654973
0.68192618
0.91825274
1.22581272
