1.3284123054940502051124
1.2103177094968529114993
0.9637040886608982948047
0.6490631283672234630444
0.4094040125966612597708
0.3032148487459171426472
0.4836347820356738935743
0.6085983151936844581797
0.8958704115428701708623
1.1684369921758328558781
1.2654254441344221504551
1.1907965672726370520706
0.9491810118626564651834
0.6385808648638351403548
0.4126100007400787528233
0.3123096782027210416288
0.4192474491720350471269
0.7017248918564318316271
0.9931851310308370539559
1.1639283760688099444991
1.2263519916160894318580
1.2330300744769169263293
0.8964605051703070648372
0.6476025417095129244061
0.3966134626671107277218
0.3704292385903040218942
0.3933027559199346878671
0.6294485388753401355899
0.9619654537838682184514
1.2122815291065225373757
1.3022150240094059192586
1.1852634916730768743776
0.9158466998511347600953
0.6555001230163851611010
0.3530262489375575740702
0.2673594650756502266731
0.4375882453545484329638
0.6322446206583653971478
0.9500711347185212263255
1.2329633776753972096429
1.2905096567137088747756
1.2370598991427423918310
0.9435965530557577363169
0.6775191099078838874448
0.4153928097995262525011
0.2932638716288527014342
0.3681157502255621438714
0.6125055220279658207971
0.9459681714580203681919
1.1906532509793077423410
1.2870765834403496974403
1.2356109284380289992100
0.9450944869075066367969
0.6816578055118922563338
0.3786801985996396946454
0.3307552287472715901728
0.3789764923954538899942
0.6510753829653193047733
0.9852059225205477277498
1.1914175444166712480865
1.2861406693117021227124
1.2678612709206835695852
0.9845815521733685127259
0.6318303417712529679306
0.4160128107779073602934
0.2886133875690473082898
0.4178135470858876376887
0.6902645816053993854666
0.9037692566455267639824
1.2370436879444821620666
1.3461049894203267474069
1.2060096722383815137647
1.0097299830207406845517
0.6504052874608037271287
0.3563703433948949839127
0.2306356204433417378397
0.3849482456070221214617
0.6680557232651379573340
0.9645458110271941665204
1.2175880061598489678687
1.2817509515085649951516
1.2090622339835266352281
0.9026893368849369103657
0.6214553465885084282405
0.3695989916468040425990
0.3164352705228909434787
0.3950437224270281211247
0.6089504557424914032993
0.9542072928935506626047
1.1826947726584591258359
1.2789171216051387069967
1.2318353012834524218277
0.9580951346815660407685
0.6580888421032438095892
0.4234450851740307886217
0.3057002487876870344685
0.4129110523035762758681
0.6670887295429419605597
0.9915263933317749467378
1.2195565302325210854661
1.3446587187530303353356
1.2052234402360983978042
0.9529947335220235737907
0.6992924285093691239013
0.3793730031884210984749
0.2999097182331494360064
0.4245802539804884867536
0.6502288708975572095738
0.9989363936803492549643
1.2372102916122762472639
1.3092202621054875866236
1.1799155100469875812053
0.9724290012810065109150
0.6017691827615176958233
0.4032224708634731258350
0.3255650796687045156474
0.4022284728484095128742
0.6733093372586781422129
1.0189834254044136674366
1.2337258066074088258546
1.3084406707847917594734
1.2247996156589493477185
0.9679635255357051937253
0.6039162951687806479839
0.3823234238375373128527
0.3387280294899887578275
0.3941132492171739443165
0.6639093440028807080466
0.9226801701782068043656
1.2065486957166462467228
1.3189828982048914518543
1.1614536139299418415760
0.9655003413363396624902
0.6397411153386554083511
0.3657808047996420897086
0.2988130963548225049742
0.3355250894419334883878
0.5781989688587125808539
0.9172909136229667748097
1.1731851180623349417687
1.2629054607682697053406
1.1499456796568749972209
0.9636230696772853931975
0.5950789871644912576443
0.3989769288588129736439
0.3248892336770981548177
0.3954210856463810097594
0.6484358603315221181163
0.9425501210665837570346
1.1576221617548014819477
1.2986143346642129436930
1.2348924582097648983137
1.0094766283705161047379
0.6318871869156359455388
0.3440310394583007136404
0.3052603695923148952041
0.4073900756415373969332
0.6383146989674726157205
0.9181767005179313212437
1.2685235147503572950001
1.2253853151265390319935
1.1883817651100385681673
0.9127150263782159989034
0.6253753612835034614292
0.4055428472299762443498
0.3043654602563323208209
0.3730160863187907405170
0.6700625117567029498389
0.9741903212098086406456
1.2249804782747248932395
1.2865403444162557544672
1.2376675323267436468200
0.9754018897788142572480
0.7248258542765129153196
0.4291210494028311339676
0.3365850749888228410356
0.3971668404336620161743
0.6047491600648087217706
0.9427694506080590564068
1.1805450127014673888937
1.2821657369265482273590
1.2220635198533926768505
0.9369016288544519399650
0.6171855400959296300556
0.3825474237144171896219
0.2949123137172630082503
0.4084357940621973770412
0.6153665074928817979583
0.9645429567266103898504
1.2069757087786885385583
1.3418807451933143504164
1.1977674545172898312728
0.9502559090530025009969
0.6084499794613574819024
0.3516856504471976285764
0.3098191351920679958987
0.3876019658621024377432
0.6614212885515333706365
0.9262800650443681060864
1.2648609562519483873189
1.3038652741359333386839
1.2376185962811145913065
0.9473326504178423146385
0.6403527402175956950714
0.4173128598220489093862
0.3175745722272380056062
0.3600659291635357472927
0.5970234940340678475579
0.9197908699730978909770
1.1597378137209064519197
1.3018837874142548116652
1.1915036010421393708469
0.9428709759894933206681
0.6024540698085885104263
0.4201435894573566365295
0.3138953994169605965503
0.3926573910306884185317
0.6777840535545690547892
0.9268708398104064105638
1.2176224719111732319732
1.3110186782249135806211
1.2155528915827864544497
0.9314476737558300412090
0.6558270989836014752683
0.3792095159581838070828
0.2716518836472204823096
0.3574408217616114047388
0.6783101149337040780551
0.9277573923432853586490
1.1990404813191228861058
1.2617790660837846505871
1.1951125227688486063471
0.8523024879982670221068
0.6111188339241332423413
0.3503836308047431624679
0.2679202499994480235479
0.3887474021602075890947
0.6352031026363385013411
1.0159957541876245556978
1.1864274404367802784321
1.2920932851284876452524
1.1548823846513243118750
0.9394123318599589822497
0.6031809659986562266454
0.3964496420730350134676
0.3269769722710925141662
0.4082751198301323158901
0.6233359463209873219114
0.9029462035506613526437
1.2506781679767515758073
1.3648280433675994416376
1.2083190607321434573151
0.9232050598995349410814
0.6833683625646630455108
0.3767500676237651169309
0.2851433234613737210950
0.4235212165924806537731
0.6016870064977681842322
0.8926305040283366576404
1.2178116838589003734228
1.3126724481912073194678
1.2075171563910194194591
0.9702150367457453850051
0.6797149554141937999319
0.4261797564272629124105
0.2820202514930541526361
0.4211050687406812098601
0.6509700657487896835462
0.9385218374806740815330
1.1667728547446520881437
1.3204590174680201908330
1.1933259687285269201595
0.9559768858515442779833
0.6204163010935368482990
0.3464599299589034009372
0.3054260369805569252932
0.3935264911506076157544
0.6834080935153130642590
0.9798606059040870785992
1.2378169125874471934168
1.2763184377521332724115
1.1748992535429376715683
0.9143764496809150266188
0.6612390328070986145192
0.4836899922359885750645
0.3230078479850179151711
0.3710450694113807124097
0.6719481851277486761376
0.9188275598587880566015
1.1594627977108322713917
1.3226875180678838717085
1.1799089647054330498577
0.9645008481024184288088
0.6899700492663420892114
0.4081761775577110173963
0.3293984394896605771841
0.3447115784293108831093
0.6664111156743425246063
1.0221338762224898566444
1.2216208279683224979806
1.2512731851074760935916
1.1980845579685865942565
0.9386982086705411010286
0.6576037824394889153012
0.4085212055265466934983
0.3128228003386283595511
0.3839877453954230190902
0.6265408569666459648317
0.9358640562250521988119
1.2314998283035043513678
1.2414027397163811539116
1.1979529956811170166020
0.9630586066891052565708
0.6248490709261337316960
0.4105827546345605649769
0.2977446746398715315962
0.3658198107885313188348
0.6505942658204326711768
0.9460278098243237732135
1.1915471860123183489577
1.2775060008333276595494
1.2064515739880374844972
0.8961287647765046049386
0.6328951035622161214178
0.3783030019905110896694
0.2711632373154700959006
0.4161316445437980848787
0.6222718068370631794295
0.9716048166101636240910
1.2353672954793930571782
1.2950393219196729699405
1.2132932830784304290006
0.9747318099966573168302
0.6429307531326122759907
0.4125953185392982613955
0.2600741939731904817101
0.4306061878592200575788
0.6141987832789814749646
0.8966756269990133754177
1.2482901843173856981650
1.2980164046050934878451
1.2187046294776147092875
0.9430212556639669951863
0.6132178221681747753991
0.2983150727351193132186
0.3198046808345663127859
0.3864257418636293239800
0.6392509721552402934819
0.9673348652749176324050
1.1596247579000409366756
1.2769329161961084917465
1.2407901892108159636052
0.9734146369111367214089
0.6049738317923216701644
0.3258181698879099030819
0.2819356052447121729898
0.4022586656525253823169
0.6752920780489317653661
0.9574723574407093540373
1.1690178843401377584144
1.3096815603014417828120
1.1674360135684731520911
0.9241200662270351307015
0.6248185864335509265288
0.3566146620947039380667
0.2914313302283239592860
0.3670325828802778467264
0.6364573139049396477418
0.9398854439945518723931
1.1915499508870708300634
1.2840766991945589126090
1.2435087762641203745773
0.9738080427416678785946
0.6473595283751458762111
0.3491025740696198087498
0.2485875865084640756741
0.3333605761029987402111
0.7278750260460653542793
0.9852576886152679680464
1.2126349489833159189800
1.2691918115977496306357
1.1682572723084354571199
0.9718263788959106141974
0.6949838040356670632036
0.3419432745007036644758
0.2857888076837528101848
0.3928259534265429175903
0.5824990210739939833218
0.9811110209616646926634
1.1913958308748768821772
1.3604684674736007288232
1.1921471939041674570348
0.9674479707732850375379
0.6093647520685674390251
0.3757315752290821264658
0.2630417384078689302385
0.4079058232323344301840
0.6866592826298112406391
0.9357358963713569011134
1.2183078987093196587921
1.2840506579520611918355
1.2077374265945866049776
0.9923372607995575300777
0.6492951794433516887750
0.3627036356958358020997
0.2728960157520734508552
0.3901196056453611338277
0.6394304196110001115017
0.9271290162947820601147
1.2102215987238045258323
1.3400511470427050042531
1.1965658269216055131778
0.9480394241759697582239
0.5758732673942245083865
0.3709992479256056241432
0.2559408523291732406868
0.3832776907286381540274
0.6621120025471811665341
1.0026785011873577957431
1.2613818854595280072317
1.2963037949373628077154
1.1943830047008847650147
0.9803606319805447943949
0.6609916973399492245989
0.4196908692898748127753
0.3246113443836515233265
0.3486801430111828858927
0.6625793115908402697301
0.9516137791486127817109
1.1804672061100158764191
1.2780665862495270701515
1.2450317494244553806482
0.9289023456162521785728
0.6063798723443366567309
0.4022804844012075609072
0.3635861864016882161188
0.3962996049515073448966
0.6552407870113756693797
0.9248385152486434668262
1.2574518542135564302953
1.3039524730993536927315
1.2212717707996503246903
0.9244014564493018282221
0.6724987080614119872024
0.4077973714406870620053
0.2634440359392681840767
0.3967481959704245442211
0.6312423238304301076340
0.9579632204409556095470
1.1965853206238883377210
1.2939947823987547614877
1.1718449038758866898036
0.9442851089793244945270
0.6697312102791046495298
0.4506629130161468599347
0.2633011376329300601284
0.4706718667106545295198
0.6937503252976366940885
0.9598371722225429447661
1.1949835103997017426991
1.2779066120756770175149
1.2308430150657558854732
0.9325431504068389942930
0.6308854801045493676526
0.4234339301284718026785
0.3137857654833672294004
0.4238491443425453364391
0.6614525309759284876776
0.9418310166307755082471
1.1882591962936510654458
1.3251833545885245424500
1.1832836005738276430321
0.9920339510024241969077
0.6704956945906007659275
0.4045900553620872530658
0.3001020187001199324150
0.4070533334537108083317
0.7570148476079452404264
0.9509529377270080630069
1.1552846749233884882102
1.3605608520586014442699
1.2237935226904581575980
0.9340197326728145732488
0.7282589000281082247668
0.4129140848863614432496
0.3093035373886501848695
0.3708939221493569582400
0.6118154562874539292849
0.8985863353043991308411
1.1911346071832675796998
1.2666979771430284529288
1.2249923165917842027284
0.9444642119397258506197
0.7014319280151997126893
0.4432603124341323308499
0.3051864616119354112200
0.3865497290376622152586
0.6819261847653590447038
0.9182527424649192804296
1.2258127205650677371551
